1016
1112
1153
1539
1578
1701
1764
1892
2287
2711
2844
2865
2999
3317
336
338
3784
3956
454
4697
4767
4844
5138
5328
5557
6012
6117
6379
643
672
7048
7151
7484
7603
7622
7641
8055
8183
8456
8484
8548
8790
fall-01-cam1-rgb-155
fall-02-cam1-rgb-038
fall-02-cam1-rgb-071
fall-03-cam1-rgb-062
fall-03-cam1-rgb-068
fall-03-cam1-rgb-074
fall-03-cam1-rgb-080
1080
1091
1122
1182
13
1479
1624
1684
1712
1734
2159
2269
2296
2540
263
2764
2814
2884
2917
2956
299
3069
31
3254
3569
3615
3923
4377
4404
4561
524
5349
5377
5921
6106
6598
6639
6649
6729
6958
7282
7446
7465
7494
792
7959
8084
8129
8240
8300
8312
8504
8869
8910
8962
9012
9022
9163
fall-01-cam1-rgb-095
fall-01-cam1-rgb-110
fall-02-cam1-rgb-053
fall-02-cam1-rgb-056
fall-03-cam1-rgb-086
fall-03-cam1-rgb-089
fall-03-cam1-rgb-101
1172
1253
1802
1969
2019
2029
2315
2578
2745
2775
3109
3285
3624
3811
3933
3944
3965
4198
4601
4613
4624
4885
4942
4974
5036
5045
5159
5368
5494
5616
5767
58
5809
5840
6037
6086
6149
6257
6282
6358
6474
666
6861
690
7006
708
7210
7259
768
7751
78
8037
8074
8352
8558
8579
8628
8900
8933
9153
93
980
fall-01-cam1-rgb-128
fall-02-cam1-rgb-083
fall-02-cam1-rgb-098
fall-03-cam1-rgb-071
fall-03-cam1-rgb-083
fall-03-cam1-rgb-176
fall-03-cam1-rgb-188
fall-03-cam1-rgb-194
1059
1143
1212
1233
1458
1520
1666
1901
1915
2137
2453
2492
2559
2610
262
2660
2754
3129
3147
3264
3296
356
3802
3832
3876
40
4188
4333
4748
4876
5118
5464
5504
5689
5747
5779
5790
5819
6314
6569
6680
6757
6836
6999
7271
7332
7405
7526
7546
7670
7710
7730
794
8101
8201
8281
841
8465
8608
9072
fall-01-cam1-rgb-107
fall-01-cam1-rgb-125
fall-02-cam1-rgb-074
fall-03-cam1-rgb-182
fall-03-cam1-rgb-197
1388
1397
1647
1785
1832
1865
2061
2304
2432
2464
2502
2522
2588
265
2823
3008
3507
358
3671
3693
4169
4347
4796
4923
5386
5415
5454
5483
6138
6159
6170
6269
6534
6979
7311
7384
7455
7660
7741
7760
7899
7981
80
8138
8149
8192
822
8262
8435
8516
8983
9032
9095
9133
9173
fall-01-cam1-rgb-131
fall-01-cam1-rgb-158
fall-03-cam1-rgb-107
fall-03-cam1-rgb-116
fall-03-cam1-rgb-119
fall-03-cam1-rgb-128
fall-03-cam1-rgb-143
fall-03-cam1-rgb-170
fall-03-cam1-rgb-212
fall-03-cam1-rgb-215
1027
1587
1820
2122
2190
2230
226
2278
2482
2599
3048
3059
308
3489
3499
3517
3606
3662
3742
3821
3845
3855
4273
4727
4815
4856
4983
5148
5177
527
5338
5473
5715
669
6699
6938
7028
7109
7181
7302
7574
778
7789
793
7990
8008
8028
8210
8494
864
8675
8720
883
892
8973
8993
fall-01-cam1-rgb-098
fall-01-cam1-rgb-113
fall-02-cam1-rgb-047
fall-02-cam1-rgb-059
fall-02-cam1-rgb-080
fall-02-cam1-rgb-086
fall-03-cam1-rgb-104
fall-03-cam1-rgb-173
1222
1333
1414
1500
1597
1845
2324
2473
2531
264
2682
2692
2702
2805
3212
3234
3635
3752
3793
4260
4427
4458
4965
4993
5129
5396
5656
6181
6201
6303
6629
697
7365
77
777
7818
812
8171
8323
8370
8537
8568
8599
8806
8953
9053
971
fall-01-cam1-rgb-140
fall-02-cam1-rgb-041
fall-02-cam1-rgb-062
fall-02-cam1-rgb-068
fall-02-cam1-rgb-104
fall-03-cam1-rgb-047
fall-03-cam1-rgb-137
1489
1510
1569
1693
1794
2051
225
3028
312
3243
3732
412
4155
4227
4785
4835
5359
5646
586
5899
6026
6544
6767
706
7240
7414
7516
7594
7650
7860
8291
866
870
8889
9063
9143
960
fall-01-cam1-rgb-119
fall-01-cam1-rgb-137
fall-01-cam1-rgb-152
fall-03-cam1-rgb-050
fall-03-cam1-rgb-059
fall-03-cam1-rgb-092
fall-03-cam1-rgb-095
fall-03-cam1-rgb-110
fall-03-cam1-rgb-113
fall-03-cam1-rgb-179
1070
1194
1548
267
2785
2795
2854
2896
2968
3274
3306
3369
3479
3644
4396
4665
4903
4932
4954
5026
5595
5625
5634
5889
6483
6514
6708
6738
6929
7221
7424
7555
769
7838
787
791
8019
8589
8618
8849
9003
9113
9183
fall-01-cam1-rgb-146
fall-02-cam1-rgb-044
fall-02-cam1-rgb-089
fall-02-cam1-rgb-092
fall-02-cam1-rgb-095
fall-02-cam1-rgb-110
fall-03-cam1-rgb-077
fall-03-cam1-rgb-191
1243
1356
1377
1656
1924
2007
2072
2103
224
2875
2943
3019
3090
347
3536
3589
3683
3713
4043
4284
4315
4358
4581
4737
5002
5217
5260
5443
5576
5666
5676
5757
5830
6096
6234
6328
6410
6553
6788
6849
6989
7018
7161
7172
7193
7293
7347
7505
7612
7631
8251
8272
8334
865
884
9042
990
fall-01-cam1-rgb-092
fall-01-cam1-rgb-104
fall-01-cam1-rgb-122
fall-01-cam1-rgb-149
fall-02-cam1-rgb-032
fall-02-cam1-rgb-035
fall-02-cam1-rgb-065
fall-03-cam1-rgb-131
fall-03-cam1-rgb-155
fall-03-cam1-rgb-164
fall-03-cam1-rgb-206
1046
1162
1366
1405
1426
1438
1468
1675
204
2112
2147
2219
2512
2569
2906
3225
3328
3339
3527
3548
3653
3703
3774
3895
3905
3977
4144
4448
4572
4676
4706
4716
4805
4824
4866
5012
510
5198
585
60
6128
6192
6223
6244
639
644
6619
6747
6798
6815
712
7201
7474
7584
7829
795
8065
8093
8343
8426
8527
8737
8752
8879
fall-02-cam1-rgb-077
fall-02-cam1-rgb-101
fall-03-cam1-rgb-065
fall-03-cam1-rgb-098
fall-03-cam1-rgb-122
fall-03-cam1-rgb-125
fall-03-cam1-rgb-167
1007
1346
1449
153
1558
1605
1615
1637
1744
1754
1811
2334
255
2722
2734
2835
2932
3037
3350
3764
3885
3988
4238
4247
4386
4415
4634
4656
4776
5188
5208
523
5249
5404
5433
5567
5586
5604
5726
5909
5933
6455
6464
6495
667
6777
6871
6881
6948
725
7323
7375
7435
7535
7808
8160
8447
877
8859
9084
9103
9122
fall-01-cam1-rgb-143
fall-02-cam1-rgb-107
fall-03-cam1-rgb-140
fall-03-cam1-rgb-149
fall-03-cam1-rgb-161
fall-03-cam1-rgb-185
fall-03-cam1-rgb-200
fall-03-cam1-rgb-209
