130
135
153
155
163
182
185
188
213
216
220
245
251
252
253
254
255
277
285
292
319
34
340
343
348
353
363
374
379
395
400
411
418
44
451
47
477
506
518
523
534
561
589
599
609
647
648
653
678
689
696
702
725
75
82
92
98
138
158
161
165
192
198
199
219
221
237
246
26
266
268
273
279
284
294
296
314
318
326
339
342
360
385
39
401
403
419
422
427
442
450
48
482
49
492
497
502
540
542
548
549
554
58
606
618
619
623
631
632
645
668
67
68
682
688
690
698
707
708
713
78
9
93
123
156
160
174
176
18
20
203
205
212
214
226
236
244
274
278
297
300
303
308
311
329
361
364
376
396
398
409
453
458
468
469
478
484
527
528
529
533
55
56
582
601
611
613
638
641
669
686
718
723
726
74
83
88
97
113
115
125
126
140
141
142
148
175
179
189
229
233
235
241
264
291
298
3
310
316
325
33
334
367
375
384
393
413
415
430
445
457
483
512
575
578
598
621
626
629
636
652
695
697
703
711
716
721
76
77
95
106
112
122
128
134
145
149
157
159
170
195
201
206
207
225
24
242
261
269
280
286
304
312
313
341
365
368
38
382
402
412
42
428
440
456
467
476
5
501
521
525
557
566
574
583
586
607
61
622
654
656
660
663
670
693
706
720
114
12
120
124
132
147
166
168
211
217
234
25
267
271
272
282
287
289
306
35
350
355
378
386
394
405
461
470
491
511
513
515
517
52
556
564
567
568
570
596
610
624
633
675
715
107
108
137
152
154
169
183
191
222
224
228
248
259
276
29
301
307
315
32
331
345
347
371
4
435
436
438
439
446
455
459
460
472
485
489
494
498
499
505
531
553
559
563
572
573
577
580
584
591
592
595
615
658
673
680
681
687
694
704
71
79
10
101
102
109
121
15
150
171
184
196
2
210
223
232
239
249
257
258
275
28
330
335
336
357
362
377
390
406
417
421
423
424
429
433
448
45
454
462
466
488
495
500
526
532
537
541
544
562
571
59
594
600
616
630
640
657
659
672
685
699
700
89
96
103
129
13
164
167
178
181
19
193
194
202
240
243
263
270
299
31
317
332
346
36
366
389
399
41
426
43
465
475
479
480
490
493
508
51
522
53
551
57
576
605
612
655
662
664
674
69
692
70
81
90
94
111
118
131
139
143
17
187
204
281
283
288
352
37
373
387
391
397
410
420
46
464
503
504
510
519
536
538
54
545
550
579
585
587
588
60
602
62
634
635
639
642
649
66
671
677
7
709
710
712
714
724
8
85
87
105
110
136
151
162
177
186
190
209
21
215
250
262
30
302
321
344
351
356
359
369
372
380
388
40
407
432
441
449
452
471
474
50
509
520
530
543
558
565
593
604
608
614
617
64
65
651
705
719
73
100
104
11
119
127
133
173
208
218
23
231
238
256
265
27
322
324
327
333
358
370
383
404
425
431
434
437
443
487
496
514
535
581
597
620
627
665
676
679
80
99
